0 0
0 1
0 3
0 7
0 10
0 16
0 18
0 23
0 32
0 56
0 57
0 58
0 60
0 62
0 67
0 80
0 81
0 92
1 0
1 1
1 3
1 5
1 10
1 13
1 16
1 19
1 22
1 23
1 24
1 25
1 27
1 28
1 30
1 31
1 32
1 33
1 35
1 37
1 51
1 52
1 57
1 59
1 60
1 61
1 62
1 63
1 64
1 65
1 67
1 77
1 80
1 81
1 86
1 87
1 110
2 2
2 3
2 4
2 5
2 6
2 7
2 8
2 12
2 17
2 18
2 22
2 23
2 24
2 25
2 26
2 27
2 30
2 31
2 37
2 63
2 64
2 79
2 80
2 81
2 88
2 98
2 99
2 104
3 0
3 1
3 2
3 3
3 5
3 7
3 10
3 16
3 17
3 22
3 23
3 25
3 26
3 27
3 28
3 29
3 30
3 31
3 36
3 56
3 57
3 58
3 60
3 62
3 63
3 64
3 65
3 72
3 78
3 80
3 81
3 87
3 88
3 89
3 92
3 98
3 99
4 2
4 4
4 5
4 6
4 8
4 9
4 14
4 15
4 24
4 26
4 37
4 55
4 58
4 69
4 88
4 96
4 99
5 1
5 2
5 3
5 4
5 5
5 8
5 9
5 15
5 17
5 21
5 22
5 23
5 24
5 25
5 26
5 27
5 29
5 32
5 37
5 62
5 63
5 64
5 65
5 72
5 73
5 76
5 79
5 80
5 81
5 88
5 89
5 99
6 2
6 4
6 6
6 7
6 8
6 10
6 12
6 13
6 14
6 15
6 39
6 44
6 45
6 46
6 47
6 49
6 51
6 58
6 60
6 64
6 67
6 96
6 99
6 105
6 110
7 0
7 2
7 3
7 6
7 7
7 9
7 11
7 13
7 56
7 57
7 61
7 65
7 68
7 78
7 79
7 80
7 81
7 92
7 99
8 2
8 4
8 5
8 6
8 8
8 9
8 12
8 14
8 15
8 22
8 24
8 26
8 45
8 58
8 64
8 88
8 96
8 99
9 4
9 5
9 7
9 8
9 9
9 15
9 24
9 57
9 92
10 0
10 1
10 3
10 6
10 10
10 11
10 12
10 13
10 16
10 25
10 27
10 28
10 35
10 60
10 62
10 67
10 72
10 86
11 7
11 10
11 11
11 12
11 13
11 17
11 21
11 22
11 24
11 25
11 26
11 27
11 29
11 57
11 61
11 65
11 66
11 68
11 69
11 77
11 88
11 93
11 101
11 102
11 103
12 2
12 6
12 8
12 10
12 11
12 12
12 13
12 14
12 15
12 25
12 28
12 45
12 47
12 60
12 67
12 96
13 1
13 6
13 7
13 10
13 11
13 12
13 13
13 15
13 21
13 22
13 23
13 24
13 25
13 26
13 27
13 28
13 60
13 61
13 63
14 4
14 6
14 8
14 12
14 14
14 15
14 22
14 23
14 26
14 28
14 30
14 42
14 44
14 45
14 47
14 48
14 49
14 51
14 55
14 64
14 67
14 82
14 83
14 84
14 86
14 88
14 95
14 96
14 97
14 98
14 99
14 108
14 109
14 110
14 111
14 112
14 113
15 4
15 5
15 6
15 8
15 9
15 12
15 13
15 14
15 15
15 23
15 26
15 28
15 45
15 49
15 51
15 82
15 83
15 91
15 96
15 98
15 99
15 110
16 0
16 1
16 3
16 10
16 16
16 17
16 22
16 23
16 25
16 27
16 28
16 35
16 36
16 56
16 57
16 62
16 63
16 64
16 65
16 67
16 72
16 74
16 76
16 78
16 80
16 81
16 86
16 87
16 89
16 92
17 2
17 3
17 5
17 11
17 16
17 17
17 23
17 25
17 26
17 27
17 29
17 36
17 37
17 41
17 48
17 50
17 56
17 57
17 62
17 63
17 64
17 65
17 66
17 67
17 71
17 72
17 73
17 74
17 76
17 77
17 79
17 80
17 81
17 88
17 89
17 90
17 91
17 92
17 93
17 103
17 115
18 0
18 2
18 18
18 19
18 30
18 51
18 68
19 1
19 18
19 19
19 28
19 33
19 45
19 50
19 55
19 65
19 68
19 69
19 80
19 83
19 96
20 20
20 21
20 26
20 27
20 41
20 70
21 5
21 11
21 13
21 20
21 21
21 22
21 23
21 25
21 26
21 27
21 31
21 38
21 39
21 46
21 47
21 88
21 90
21 91
21 98
21 99
21 109
21 111
22 1
22 2
22 3
22 5
22 8
22 11
22 13
22 14
22 16
22 21
22 22
22 23
22 24
22 25
22 26
22 27
22 30
22 31
22 34
22 48
22 51
22 52
22 59
22 60
22 61
22 62
22 63
22 64
22 72
22 80
22 84
22 86
22 87
22 88
22 89
22 98
22 99
22 100
22 112
23 0
23 1
23 2
23 3
23 5
23 13
23 14
23 15
23 16
23 17
23 21
23 22
23 23
23 24
23 25
23 26
23 27
23 30
23 31
23 48
23 51
23 52
23 58
23 59
23 60
23 61
23 62
23 63
23 64
23 72
23 80
23 81
23 84
23 86
23 87
23 88
23 89
23 98
23 99
23 112
24 1
24 2
24 4
24 5
24 8
24 9
24 11
24 13
24 22
24 23
24 24
24 25
24 26
24 27
24 30
24 31
24 60
24 61
24 62
24 63
24 64
24 87
24 88
24 98
25 1
25 2
25 3
25 5
25 10
25 11
25 12
25 13
25 16
25 17
25 21
25 22
25 23
25 24
25 25
25 26
25 27
25 28
25 30
25 31
25 34
25 52
25 58
25 60
25 61
25 62
25 63
25 64
25 67
25 72
25 80
25 81
25 84
25 86
25 87
25 88
25 99
25 100
25 101
26 2
26 3
26 4
26 5
26 8
26 11
26 13
26 14
26 15
26 17
26 20
26 21
26 22
26 23
26 24
26 25
26 26
26 27
26 29
26 32
26 37
26 38
26 63
26 69
26 72
26 73
26 74
26 76
26 79
26 87
26 88
26 89
26 98
26 111
27 1
27 2
27 3
27 5
27 10
27 11
27 13
27 16
27 17
27 20
27 21
27 22
27 23
27 24
27 25
27 26
27 27
27 28
27 29
27 30
27 31
27 38
27 52
27 60
27 61
27 62
27 63
27 64
27 72
27 80
27 81
27 84
27 86
27 87
27 88
27 89
27 98
27 99
27 100
27 111
27 112
28 1
28 3
28 10
28 12
28 13
28 14
28 15
28 16
28 19
28 25
28 27
28 28
28 29
28 33
28 35
28 36
28 40
28 62
28 63
28 65
28 67
28 72
28 74
28 78
28 80
28 81
28 83
28 87
28 92
28 110
29 3
29 5
29 11
29 17
29 26
29 27
29 28
29 29
29 32
29 35
29 36
29 37
29 41
29 48
29 50
29 51
29 63
29 65
29 69
29 71
29 72
29 73
29 74
29 75
29 76
29 77
29 79
29 81
29 88
29 89
29 90
29 91
29 92
29 93
29 103
29 109
29 113
29 114
29 115
30 1
30 2
30 3
30 14
30 18
30 22
30 23
30 24
30 25
30 27
30 30
30 31
30 48
30 49
30 51
30 52
30 58
30 59
30 60
30 61
30 63
30 64
30 69
30 70
30 71
30 75
30 86
30 87
30 90
30 91
30 98
30 99
30 103
30 104
30 112
30 113
31 1
31 2
31 3
31 21
31 22
31 23
31 24
31 25
31 27
31 30
31 31
31 33
31 48
31 49
31 51
31 52
31 58
31 59
31 60
31 61
31 63
31 64
31 68
31 69
31 71
31 83
31 90
31 91
31 93
31 98
31 99
31 103
31 104
32 0
32 1
32 5
32 26
32 29
32 32
32 33
32 72
32 88
32 90
32 91
32 92
32 93
32 103
33 1
33 19
33 28
33 31
33 32
33 33
33 34
33 35
33 70
33 90
33 91
33 92
33 93
33 95
33 97
33 99
33 100
33 103
33 104
33 108
33 109
33 110
33 113
34 22
34 25
34 33
34 34
34 35
34 51
34 52
34 62
34 63
34 64
34 67
34 77
34 90
34 93
34 101
34 112
35 1
35 10
35 16
35 28
35 29
35 33
35 34
35 35
35 37
35 48
35 50
35 51
35 52
35 62
35 67
35 70
35 71
35 73
35 77
35 78
35 79
35 93
35 95
35 97
35 99
35 101
35 103
35 108
35 111
35 112
35 113
35 114
35 115
36 3
36 16
36 17
36 28
36 29
36 36
36 38
36 40
36 41
36 42
36 48
36 51
36 54
36 65
36 72
36 73
36 74
36 75
36 76
36 78
36 80
36 81
36 83
36 90
36 91
36 92
36 93
37 1
37 2
37 4
37 5
37 17
37 26
37 29
37 35
37 37
37 39
37 41
37 48
37 50
37 52
37 55
37 71
37 73
37 74
37 76
37 77
37 79
37 96
37 97
37 109
37 110
37 115
38 21
38 26
38 27
38 36
38 38
38 39
38 40
38 41
38 42
38 43
38 44
38 45
38 48
38 49
38 51
38 54
38 82
38 86
38 87
38 88
38 89
38 111
39 6
39 21
39 37
39 38
39 39
39 41
39 55
39 77
39 87
39 96
39 110
40 28
40 36
40 38
40 40
40 41
40 42
40 72
40 74
40 80
40 81
40 82
40 83
40 90
40 91
40 92
40 110
41 17
41 20
41 29
41 36
41 37
41 38
41 39
41 40
41 41
41 42
41 48
41 72
41 73
41 74
41 75
41 76
41 77
41 79
41 80
41 81
41 83
41 91
41 93
42 14
42 36
42 38
42 40
42 41
42 42
42 43
42 44
42 45
42 46
42 47
42 48
42 49
42 50
42 51
42 52
42 53
42 54
42 55
42 60
42 69
42 88
42 89
42 96
42 98
43 38
43 42
43 43
43 44
43 45
43 46
43 47
43 48
43 49
43 50
43 51
43 53
43 55
43 60
43 61
43 68
43 69
43 88
43 96
43 98
44 6
44 14
44 38
44 42
44 43
44 44
44 45
44 46
44 47
44 48
44 49
44 50
44 51
44 53
44 55
44 60
44 82
44 86
44 88
44 89
44 96
44 98
45 6
45 8
45 12
45 14
45 15
45 19
45 38
45 42
45 43
45 44
45 45
45 46
45 47
45 48
45 49
45 50
45 51
45 53
45 55
45 57
45 60
45 65
45 67
45 68
45 69
45 73
45 82
45 88
45 96
45 115
46 6
46 21
46 42
46 43
46 44
46 45
46 46
46 47
46 48
46 49
46 51
46 52
46 53
46 55
46 58
46 60
46 64
46 66
46 67
46 69
46 88
46 89
46 96
46 98
46 111
46 112
47 6
47 12
47 14
47 21
47 42
47 43
47 44
47 45
47 46
47 47
47 49
47 51
47 53
47 54
47 55
47 58
47 60
47 62
47 66
47 68
47 69
47 88
47 89
47 96
47 98
47 110
47 111
48 14
48 17
48 22
48 23
48 29
48 30
48 31
48 35
48 36
48 37
48 38
48 41
48 42
48 43
48 44
48 45
48 46
48 48
48 49
48 50
48 51
48 52
48 53
48 58
48 64
48 71
48 73
48 77
48 79
48 82
48 83
48 84
48 86
48 87
48 88
48 98
48 112
48 115
49 6
49 14
49 15
49 30
49 31
49 38
49 42
49 43
49 44
49 45
49 46
49 47
49 48
49 49
49 50
49 51
49 52
49 53
49 55
49 64
49 77
49 82
49 86
49 88
49 90
49 96
49 98
49 99
49 112
50 17
50 19
50 29
50 35
50 37
50 42
50 43
50 44
50 45
50 48
50 49
50 50
50 51
50 52
50 71
50 73
50 77
50 79
50 82
50 83
50 115
51 1
51 6
51 14
51 15
51 18
51 22
51 23
51 29
51 30
51 31
51 34
51 35
51 36
51 38
51 42
51 43
51 44
51 45
51 46
51 47
51 48
51 49
51 50
51 51
51 52
51 53
51 55
51 59
51 64
51 73
51 75
51 76
51 77
51 79
51 82
51 83
51 84
51 88
51 96
51 98
51 99
51 112
51 113
52 1
52 22
52 23
52 25
52 27
52 30
52 31
52 34
52 35
52 37
52 42
52 46
52 48
52 49
52 50
52 51
52 52
52 53
52 58
52 59
52 60
52 61
52 62
52 63
52 64
52 67
52 77
52 84
52 86
52 87
52 90
52 98
52 112
53 42
53 43
53 44
53 45
53 46
53 47
53 48
53 49
53 51
53 52
53 53
53 55
53 66
53 67
53 90
53 91
53 98
53 99
53 112
54 36
54 38
54 42
54 47
54 54
54 55
54 86
54 88
54 89
55 4
55 14
55 19
55 37
55 39
55 42
55 43
55 44
55 45
55 46
55 47
55 49
55 51
55 53
55 54
55 55
55 58
55 60
55 64
55 66
55 68
55 69
55 83
55 93
55 95
55 96
55 97
55 98
55 99
55 109
55 111
55 112
56 0
56 3
56 7
56 16
56 17
56 56
56 57
56 62
56 63
56 65
56 67
56 68
56 78
56 79
56 80
56 81
56 92
57 0
57 1
57 3
57 7
57 9
57 11
57 16
57 17
57 45
57 56
57 57
57 59
57 62
57 63
57 65
57 68
57 69
57 79
57 80
57 81
57 92
58 0
58 3
58 4
58 6
58 8
58 23
58 25
58 30
58 31
58 46
58 47
58 48
58 52
58 55
58 58
58 59
58 60
58 61
58 62
58 66
58 85
58 87
58 103
59 1
59 22
59 23
59 30
59 31
59 51
59 52
59 57
59 58
59 59
59 60
59 61
59 62
59 63
59 64
59 66
59 84
59 85
59 100
59 102
59 103
59 104
60 0
60 1
60 3
60 6
60 10
60 12
60 13
60 22
60 23
60 24
60 25
60 27
60 30
60 31
60 42
60 43
60 44
60 45
60 46
60 47
60 52
60 55
60 58
60 59
60 60
60 61
60 62
60 63
60 85
60 87
60 110
61 1
61 7
61 11
61 13
61 22
61 23
61 24
61 25
61 27
61 30
61 31
61 43
61 52
61 58
61 59
61 60
61 61
61 63
61 65
61 84
61 85
61 87
61 100
62 0
62 1
62 3
62 5
62 10
62 16
62 17
62 22
62 23
62 24
62 25
62 27
62 28
62 34
62 35
62 47
62 52
62 56
62 57
62 58
62 59
62 60
62 62
62 63
62 64
62 65
62 72
62 78
62 80
62 81
62 87
62 88
62 92
63 1
63 2
63 3
63 5
63 13
63 16
63 17
63 22
63 23
63 24
63 25
63 26
63 27
63 28
63 29
63 30
63 31
63 34
63 52
63 56
63 57
63 59
63 60
63 61
63 62
63 63
63 64
63 65
63 67
63 72
63 80
63 81
63 84
63 85
63 87
63 88
63 92
63 100
64 1
64 2
64 3
64 5
64 6
64 8
64 14
64 16
64 17
64 22
64 23
64 24
64 25
64 27
64 30
64 31
64 34
64 46
64 48
64 49
64 51
64 52
64 55
64 59
64 62
64 63
64 64
64 65
64 72
64 80
64 81
64 84
64 86
64 87
64 88
64 96
64 98
64 99
64 112
65 1
65 3
65 5
65 7
65 11
65 16
65 17
65 19
65 28
65 29
65 36
65 45
65 56
65 57
65 61
65 62
65 63
65 64
65 65
65 67
65 68
65 72
65 78
65 80
65 81
65 85
65 89
65 92
65 98
65 99
65 102
66 11
66 17
66 46
66 47
66 53
66 55
66 58
66 59
66 66
66 67
66 68
66 69
66 102
66 103
67 0
67 1
67 6
67 10
67 12
67 14
67 16
67 17
67 25
67 28
67 34
67 35
67 45
67 46
67 52
67 53
67 56
67 63
67 65
67 66
67 67
67 69
67 72
67 80
67 81
67 98
68 7
68 11
68 18
68 19
68 31
68 43
68 45
68 47
68 55
68 56
68 57
68 65
68 66
68 68
68 69
68 80
68 91
68 93
68 102
68 103
69 4
69 11
69 19
69 26
69 29
69 30
69 31
69 42
69 43
69 45
69 46
69 47
69 55
69 57
69 66
69 67
69 68
69 69
69 75
69 76
69 93
69 103
70 20
70 30
70 33
70 35
70 70
70 76
71 17
71 29
71 30
71 31
71 35
71 37
71 48
71 50
71 71
71 73
71 75
71 77
71 79
71 90
71 91
71 93
71 95
71 97
71 99
71 103
71 112
71 113
71 115
72 3
72 5
72 10
72 16
72 17
72 22
72 23
72 25
72 26
72 27
72 28
72 29
72 32
72 36
72 40
72 41
72 62
72 63
72 64
72 65
72 67
72 72
72 73
72 74
72 75
72 76
72 78
72 80
72 81
72 87
72 88
72 89
72 90
72 91
72 92
72 93
72 103
73 5
73 17
73 26
73 29
73 35
73 36
73 37
73 41
73 45
73 48
73 50
73 51
73 71
73 72
73 73
73 74
73 75
73 76
73 77
73 79
73 81
73 90
73 91
73 92
73 93
73 103
73 115
74 16
74 17
74 26
74 28
74 29
74 36
74 37
74 40
74 41
74 72
74 73
74 74
74 75
74 76
74 78
74 79
74 81
74 90
74 91
74 92
74 93
74 103
75 29
75 30
75 36
75 41
75 51
75 69
75 71
75 72
75 73
75 74
75 75
75 76
75 77
75 93
75 94
75 103
75 115
76 5
76 16
76 17
76 26
76 29
76 36
76 37
76 41
76 51
76 69
76 70
76 72
76 73
76 74
76 75
76 76
76 77
76 78
76 79
76 81
76 89
76 90
76 91
76 92
76 93
76 101
76 103
77 1
77 11
77 17
77 29
77 34
77 35
77 37
77 39
77 41
77 48
77 49
77 50
77 51
77 52
77 71
77 73
77 75
77 76
77 77
77 79
77 86
77 91
77 93
77 101
77 103
77 110
77 112
77 113
77 114
77 115
78 3
78 7
78 16
78 28
78 35
78 36
78 56
78 62
78 65
78 72
78 74
78 76
78 78
78 79
78 80
78 81
78 89
78 92
79 2
79 5
79 7
79 17
79 26
79 29
79 35
79 37
79 41
79 48
79 50
79 51
79 56
79 57
79 71
79 73
79 74
79 76
79 77
79 78
79 79
79 80
79 81
79 90
79 91
79 92
79 93
79 101
79 103
79 113
79 114
79 115
80 0
80 1
80 2
80 3
80 5
80 7
80 16
80 17
80 19
80 22
80 23
80 25
80 27
80 28
80 36
80 40
80 41
80 56
80 57
80 62
80 63
80 64
80 65
80 67
80 68
80 72
80 78
80 79
80 80
80 81
80 83
80 92
81 0
81 1
81 2
81 3
81 5
81 7
81 16
81 17
81 23
81 25
81 27
81 28
81 29
81 36
81 40
81 41
81 56
81 57
81 62
81 63
81 64
81 65
81 67
81 72
81 73
81 74
81 76
81 78
81 79
81 80
81 81
81 89
81 90
81 91
81 92
82 14
82 15
82 38
82 40
82 44
82 45
82 48
82 49
82 50
82 51
82 82
82 83
82 84
82 86
82 87
82 88
82 95
82 97
82 99
82 108
82 109
82 111
82 112
82 113
82 114
82 115
83 14
83 15
83 19
83 28
83 31
83 36
83 40
83 41
83 48
83 50
83 51
83 55
83 80
83 82
83 83
83 95
83 96
83 97
83 99
83 104
83 108
83 109
83 111
83 114
84 14
84 22
84 23
84 25
84 27
84 48
84 51
84 52
84 59
84 61
84 63
84 64
84 82
84 84
84 85
84 86
84 87
84 88
84 98
84 108
85 58
85 59
85 60
85 61
85 63
85 65
85 84
85 85
86 1
86 10
86 14
86 16
86 22
86 23
86 25
86 27
86 30
86 38
86 44
86 48
86 49
86 52
86 54
86 64
86 77
86 82
86 84
86 86
86 87
86 88
86 89
87 1
87 3
87 16
87 22
87 23
87 24
87 25
87 26
87 27
87 28
87 30
87 38
87 39
87 48
87 52
87 58
87 60
87 61
87 62
87 63
87 64
87 72
87 82
87 84
87 86
87 87
87 88
87 89
88 2
88 3
88 4
88 5
88 8
88 11
88 14
88 17
88 21
88 22
88 23
88 24
88 25
88 26
88 27
88 29
88 32
88 38
88 42
88 43
88 44
88 45
88 46
88 47
88 48
88 49
88 51
88 54
88 62
88 63
88 64
88 72
88 82
88 84
88 86
88 87
88 88
88 89
88 98
88 99
88 111
88 112
89 3
89 5
89 16
89 17
89 22
89 23
89 26
89 27
89 29
89 38
89 42
89 44
89 46
89 47
89 54
89 65
89 72
89 76
89 78
89 81
89 86
89 87
89 88
89 89
89 111
90 17
90 21
90 29
90 30
90 31
90 32
90 33
90 34
90 36
90 40
90 49
90 52
90 53
90 71
90 72
90 73
90 74
90 76
90 79
90 81
90 90
90 91
90 92
90 93
90 98
90 99
90 100
90 101
90 102
90 103
90 104
90 108
90 112
90 113
90 115
91 15
91 17
91 21
91 29
91 30
91 31
91 32
91 33
91 36
91 40
91 41
91 53
91 68
91 71
91 72
91 73
91 74
91 76
91 77
91 79
91 81
91 90
91 91
91 92
91 93
91 98
91 99
91 100
91 101
91 102
91 103
91 104
91 112
91 113
92 0
92 3
92 7
92 9
92 16
92 17
92 28
92 29
92 32
92 33
92 36
92 40
92 56
92 57
92 62
92 63
92 65
92 72
92 73
92 74
92 76
92 78
92 79
92 80
92 81
92 90
92 91
92 92
92 93
92 100
92 101
92 102
92 103
92 113
93 11
93 17
93 29
93 31
93 32
93 33
93 34
93 35
93 36
93 41
93 55
93 68
93 69
93 71
93 72
93 73
93 74
93 75
93 76
93 77
93 79
93 90
93 91
93 92
93 93
93 99
93 100
93 101
93 102
93 103
93 113
93 115
94 75
94 94
94 95
94 96
94 97
94 99
94 108
94 109
94 114
94 115
95 14
95 33
95 35
95 55
95 71
95 82
95 83
95 94
95 95
95 96
95 97
95 99
95 100
95 108
95 109
95 110
95 111
95 112
95 113
95 114
95 115
96 4
96 6
96 8
96 12
96 14
96 15
96 19
96 37
96 39
96 42
96 43
96 44
96 45
96 46
96 47
96 49
96 51
96 55
96 64
96 83
96 94
96 95
96 96
96 97
96 98
96 99
96 108
96 109
96 110
96 111
97 14
97 33
97 35
97 37
97 55
97 71
97 82
97 83
97 94
97 95
97 96
97 97
97 99
97 108
97 109
97 110
97 111
97 112
97 113
97 114
97 115
98 2
98 3
98 14
98 15
98 21
98 22
98 23
98 24
98 26
98 27
98 30
98 31
98 42
98 43
98 44
98 46
98 47
98 48
98 49
98 51
98 52
98 53
98 55
98 64
98 65
98 67
98 84
98 88
98 90
98 91
98 96
98 98
98 99
98 111
98 112
98 113
99 2
99 3
99 4
99 5
99 6
99 7
99 8
99 14
99 15
99 21
99 22
99 23
99 25
99 27
99 30
99 31
99 33
99 35
99 49
99 51
99 53
99 55
99 64
99 65
99 71
99 82
99 83
99 88
99 90
99 91
99 93
99 94
99 95
99 96
99 97
99 98
99 99
99 100
99 101
99 102
99 103
99 108
99 109
99 110
99 111
99 112
99 113
99 114
99 115
100 22
100 25
100 27
100 33
100 59
100 61
100 63
100 90
100 91
100 92
100 93
100 95
100 99
100 100
100 101
100 102
100 103
100 104
100 106
100 112
100 113
100 115
101 11
101 25
101 34
101 35
101 76
101 77
101 79
101 90
101 91
101 92
101 93
101 99
101 100
101 101
101 102
101 103
101 113
102 11
102 59
102 65
102 66
102 68
102 90
102 91
102 92
102 93
102 99
102 100
102 101
102 102
102 103
102 104
102 106
102 113
103 11
103 17
103 29
103 30
103 31
103 32
103 33
103 35
103 58
103 59
103 66
103 68
103 69
103 71
103 72
103 73
103 74
103 75
103 76
103 77
103 79
103 90
103 91
103 92
103 93
103 99
103 100
103 101
103 102
103 103
103 104
103 105
103 113
103 115
104 2
104 30
104 31
104 33
104 59
104 83
104 90
104 91
104 100
104 102
104 103
104 104
104 105
104 106
104 113
104 114
104 115
105 6
105 103
105 104
105 105
105 107
105 114
105 115
106 100
106 102
106 104
106 106
106 107
107 105
107 106
107 107
108 14
108 33
108 35
108 82
108 83
108 84
108 90
108 94
108 95
108 96
108 97
108 99
108 108
108 109
108 110
108 111
108 112
108 113
108 114
108 115
109 14
109 21
109 29
109 33
109 37
109 55
109 82
109 83
109 94
109 95
109 96
109 97
109 99
109 108
109 109
109 110
109 111
109 112
110 1
110 6
110 14
110 15
110 28
110 33
110 37
110 39
110 40
110 47
110 60
110 77
110 95
110 96
110 97
110 99
110 108
110 109
110 110
110 111
111 14
111 21
111 26
111 27
111 35
111 38
111 46
111 47
111 55
111 82
111 83
111 88
111 89
111 95
111 96
111 97
111 98
111 99
111 108
111 109
111 110
111 111
111 112
111 113
112 14
112 22
112 23
112 27
112 30
112 34
112 35
112 46
112 48
112 49
112 51
112 52
112 53
112 55
112 64
112 71
112 77
112 82
112 88
112 90
112 91
112 95
112 97
112 98
112 99
112 100
112 108
112 109
112 111
112 112
112 113
112 114
112 115
113 14
113 29
113 30
113 33
113 35
113 51
113 71
113 77
113 79
113 82
113 90
113 91
113 92
113 93
113 95
113 97
113 98
113 99
113 100
113 101
113 102
113 103
113 104
113 108
113 111
113 112
113 113
113 114
113 115
114 29
114 35
114 77
114 79
114 82
114 83
114 94
114 95
114 97
114 99
114 104
114 105
114 108
114 112
114 113
114 114
114 115
115 17
115 29
115 35
115 37
115 45
115 48
115 50
115 71
115 73
115 75
115 77
115 79
115 82
115 90
115 93
115 94
115 95
115 97
115 99
115 100
115 103
115 104
115 105
115 108
115 112
115 113
115 114
115 115
