0 0
0 1
0 3
0 5
0 7
0 10
0 12
0 18
0 23
0 24
0 25
0 31
0 44
0 45
0 56
0 57
0 58
0 60
0 62
0 63
0 67
0 68
1 0
1 1
1 5
1 19
1 22
1 23
1 24
1 25
1 27
1 31
1 45
1 56
1 57
1 62
1 63
1 64
1 67
1 68
1 80
1 81
2 2
2 3
2 4
2 6
2 7
2 8
2 12
2 14
2 18
2 22
2 23
2 24
2 29
2 30
2 37
2 57
2 58
2 60
2 64
2 80
2 81
2 98
2 99
3 0
3 2
3 3
3 5
3 6
3 7
3 8
3 9
3 10
3 15
3 16
3 22
3 23
3 25
3 27
3 28
3 30
3 31
3 32
3 36
3 57
3 58
3 64
3 65
3 72
3 80
3 81
3 85
3 88
3 89
3 91
3 92
3 96
3 98
3 99
3 101
3 103
4 2
4 4
4 5
4 6
4 7
4 8
4 9
4 14
4 15
4 16
4 17
4 22
4 23
4 24
4 25
4 26
4 37
4 47
4 64
4 76
4 77
4 80
4 81
4 98
4 99
5 0
5 1
5 3
5 4
5 5
5 7
5 8
5 9
5 10
5 12
5 15
5 16
5 17
5 20
5 21
5 22
5 23
5 24
5 25
5 26
5 27
5 28
5 29
5 32
5 36
5 62
5 63
5 65
5 67
5 72
5 73
5 74
5 76
5 80
5 81
5 86
5 87
5 88
5 89
5 98
5 101
6 2
6 3
6 4
6 6
6 7
6 8
6 12
6 13
6 14
6 18
6 22
6 23
6 37
6 57
6 60
6 64
6 68
6 81
6 96
6 97
6 98
6 99
6 104
6 105
6 111
6 113
6 114
7 0
7 2
7 3
7 4
7 5
7 6
7 7
7 8
7 9
7 11
7 13
7 16
7 23
7 28
7 36
7 40
7 56
7 57
7 61
7 64
7 65
7 68
7 72
7 80
7 81
7 91
7 92
7 96
7 98
7 99
7 103
7 104
7 105
7 111
7 115
8 2
8 3
8 4
8 5
8 6
8 7
8 8
8 9
8 14
8 15
8 22
8 24
8 32
8 64
8 76
8 99
9 3
9 4
9 5
9 7
9 8
9 9
9 14
9 15
9 24
9 25
9 32
9 65
9 76
9 80
9 81
10 0
10 3
10 5
10 10
10 11
10 12
10 13
10 16
10 24
10 25
10 28
10 45
10 58
10 60
10 67
11 7
11 10
11 11
11 12
11 13
11 17
11 26
11 29
11 38
11 54
11 57
11 61
11 65
11 66
11 88
11 92
12 0
12 2
12 5
12 6
12 10
12 11
12 12
12 13
12 20
12 21
12 25
12 27
12 39
12 45
12 58
12 60
12 67
12 87
13 6
13 7
13 10
13 11
13 12
13 13
13 15
13 27
13 45
13 60
13 61
13 65
13 67
14 2
14 4
14 6
14 8
14 9
14 14
14 15
14 18
14 22
14 23
14 24
14 26
14 45
14 46
14 47
14 51
14 53
14 64
14 82
14 83
14 84
14 88
14 95
14 97
14 98
14 99
14 110
14 111
15 3
15 4
15 5
15 8
15 9
15 13
15 14
15 15
15 24
15 26
15 47
15 76
15 82
15 83
15 87
15 88
15 89
15 99
15 110
15 111
16 3
16 4
16 5
16 7
16 10
16 16
16 17
16 23
16 24
16 25
16 26
16 27
16 28
16 29
16 45
16 56
16 57
16 62
16 63
16 64
16 65
16 67
16 72
16 74
16 76
16 78
16 79
16 80
16 81
16 88
16 98
16 99
17 4
17 5
17 11
17 16
17 17
17 26
17 28
17 29
17 33
17 41
17 57
17 58
17 59
17 62
17 63
17 66
17 67
17 72
17 73
17 76
17 77
17 78
17 79
17 80
17 81
17 88
17 89
18 0
18 2
18 6
18 14
18 18
18 19
18 37
18 44
18 45
18 47
18 49
18 60
18 65
18 67
18 68
18 82
19 1
19 18
19 19
19 28
19 33
19 42
19 43
19 45
19 48
19 51
19 54
19 55
19 68
19 69
19 80
19 83
20 5
20 12
20 20
20 21
20 25
20 26
20 27
20 39
20 52
20 60
21 5
21 12
21 20
21 21
21 25
21 26
21 27
21 31
21 38
21 39
21 58
21 60
21 83
21 90
21 91
21 93
21 98
22 1
22 2
22 3
22 4
22 5
22 6
22 8
22 14
22 22
22 23
22 24
22 25
22 26
22 27
22 29
22 30
22 31
22 32
22 59
22 61
22 62
22 63
22 64
22 80
22 81
22 82
22 84
22 86
22 88
22 98
22 100
22 102
23 0
23 1
23 2
23 3
23 4
23 5
23 6
23 7
23 14
23 16
23 22
23 23
23 24
23 25
23 26
23 27
23 29
23 30
23 31
23 32
23 36
23 58
23 59
23 60
23 61
23 62
23 63
23 64
23 66
23 72
23 76
23 80
23 81
23 84
23 85
23 86
23 87
23 88
23 92
23 98
23 99
24 0
24 1
24 2
24 4
24 5
24 8
24 9
24 10
24 14
24 15
24 16
24 22
24 23
24 24
24 25
24 26
24 27
24 30
24 31
24 60
24 62
24 63
24 64
24 76
24 80
24 81
24 90
25 0
25 1
25 3
25 4
25 5
25 9
25 10
25 12
25 16
25 20
25 21
25 22
25 23
25 24
25 25
25 26
25 27
25 30
25 31
25 32
25 58
25 60
25 61
25 62
25 63
25 64
25 65
25 67
25 72
25 80
25 81
25 86
25 87
25 88
25 101
26 4
26 5
26 11
26 14
26 15
26 16
26 17
26 20
26 21
26 22
26 23
26 24
26 25
26 26
26 27
26 29
26 32
26 38
26 62
26 63
26 72
26 76
26 78
26 80
26 81
26 82
26 86
26 87
26 88
26 89
26 98
26 99
26 100
26 101
26 102
27 1
27 3
27 5
27 12
27 13
27 16
27 20
27 21
27 22
27 23
27 24
27 25
27 26
27 27
27 28
27 29
27 31
27 32
27 38
27 39
27 50
27 58
27 60
27 61
27 62
27 63
27 64
27 65
27 72
27 80
27 81
27 82
27 84
27 85
27 86
27 87
27 88
27 89
27 98
27 100
27 101
27 102
28 3
28 5
28 7
28 10
28 16
28 17
28 19
28 27
28 28
28 29
28 30
28 33
28 36
28 40
28 47
28 48
28 50
28 51
28 62
28 65
28 67
28 72
28 74
28 76
28 78
28 80
28 81
28 83
28 88
28 89
28 92
29 2
29 5
29 11
29 16
29 17
29 22
29 23
29 26
29 27
29 28
29 29
29 33
29 36
29 37
29 41
29 48
29 50
29 58
29 62
29 63
29 67
29 69
29 72
29 73
29 74
29 76
29 77
29 78
29 79
29 80
29 81
29 83
29 88
29 89
29 90
29 91
29 93
30 2
30 3
30 22
30 23
30 24
30 25
30 28
30 30
30 31
30 48
30 52
30 58
30 59
30 60
30 61
30 66
30 70
30 90
31 0
31 1
31 3
31 21
31 22
31 23
31 24
31 25
31 27
31 30
31 31
31 33
31 48
31 51
31 52
31 54
31 58
31 59
31 60
31 61
31 63
31 66
31 70
31 83
31 90
31 98
32 3
32 5
32 8
32 9
32 22
32 23
32 25
32 26
32 27
32 32
32 33
32 34
32 63
32 65
32 72
32 80
32 81
32 86
32 87
32 88
32 89
32 92
33 17
33 19
33 28
33 29
33 31
33 32
33 33
33 34
33 35
33 54
33 72
33 80
33 81
33 86
33 88
33 89
33 93
34 32
34 33
34 34
34 35
34 67
35 33
35 34
35 35
35 65
35 67
35 77
35 78
35 94
35 95
35 97
35 99
35 108
35 109
35 111
35 114
35 115
36 3
36 5
36 7
36 23
36 28
36 29
36 36
36 37
36 38
36 40
36 41
36 72
36 74
36 76
36 78
36 80
36 81
36 96
37 2
37 4
37 6
37 18
37 29
37 36
37 37
37 38
37 39
37 41
37 55
37 73
37 76
37 77
37 78
37 79
37 81
37 95
37 96
37 97
37 108
37 109
37 110
37 111
38 11
38 21
38 26
38 27
38 36
38 37
38 38
38 39
38 40
38 41
38 54
38 55
38 82
38 86
38 87
38 88
38 89
38 96
38 113
39 12
39 20
39 21
39 27
39 37
39 38
39 39
39 41
39 55
39 58
39 60
39 77
39 87
39 89
39 96
39 97
39 109
39 110
40 7
40 28
40 36
40 38
40 40
40 41
40 65
40 72
40 78
40 80
40 81
40 82
40 83
41 17
41 29
41 36
41 37
41 38
41 39
41 40
41 41
41 58
41 72
41 73
41 74
41 75
41 76
41 77
41 79
41 80
41 81
41 83
42 19
42 42
42 43
42 44
42 45
42 46
42 47
42 48
42 49
42 50
42 51
42 53
42 55
42 82
42 83
42 96
42 98
43 19
43 42
43 43
43 44
43 45
43 46
43 47
43 48
43 49
43 50
43 51
43 53
43 55
43 82
43 83
43 96
43 110
43 113
44 0
44 18
44 42
44 43
44 44
44 45
44 46
44 47
44 48
44 49
44 50
44 51
44 53
44 60
44 67
45 0
45 1
45 10
45 12
45 13
45 14
45 16
45 18
45 19
45 42
45 43
45 44
45 45
45 46
45 47
45 48
45 49
45 51
45 60
45 67
45 82
46 14
46 42
46 43
46 44
46 45
46 46
46 47
46 48
46 49
46 50
46 51
46 52
46 53
46 55
46 60
46 64
46 82
46 83
46 96
46 98
46 99
46 110
46 111
47 4
47 14
47 15
47 18
47 28
47 42
47 43
47 44
47 45
47 46
47 47
47 49
47 51
47 53
47 55
47 60
47 77
47 83
47 96
47 98
47 110
47 115
48 19
48 28
48 29
48 30
48 31
48 42
48 43
48 44
48 45
48 46
48 48
48 49
48 50
48 51
48 52
48 53
48 58
48 59
48 66
48 82
48 83
49 18
49 42
49 43
49 44
49 45
49 46
49 47
49 48
49 49
49 50
49 51
49 53
49 55
49 60
49 64
49 92
50 27
50 28
50 29
50 42
50 43
50 44
50 46
50 48
50 49
50 50
50 51
50 52
50 53
50 72
50 78
50 81
50 83
51 14
51 19
51 28
51 31
51 42
51 43
51 44
51 45
51 46
51 47
51 48
51 49
51 50
51 51
51 52
51 53
51 55
51 59
51 64
51 82
51 83
51 98
52 20
52 30
52 31
52 46
52 48
52 50
52 51
52 52
52 53
52 54
52 58
52 59
52 60
52 62
52 64
52 90
52 98
53 14
53 42
53 43
53 44
53 46
53 47
53 48
53 49
53 50
53 51
53 52
53 53
53 55
53 64
53 65
53 67
53 98
53 99
54 11
54 19
54 31
54 33
54 38
54 52
54 54
54 55
54 86
54 87
54 88
54 89
55 19
55 37
55 38
55 39
55 42
55 43
55 46
55 47
55 49
55 51
55 53
55 54
55 55
55 64
55 87
55 89
55 95
55 96
55 97
55 98
55 99
56 0
56 1
56 7
56 16
56 56
56 57
56 62
56 63
56 65
56 67
56 68
56 80
56 81
56 92
56 99
57 0
57 1
57 2
57 3
57 6
57 7
57 11
57 16
57 17
57 56
57 57
57 63
57 65
57 67
57 68
57 69
57 80
57 81
58 0
58 2
58 3
58 10
58 12
58 17
58 21
58 23
58 25
58 27
58 29
58 30
58 31
58 39
58 41
58 48
58 52
58 58
58 59
58 60
58 61
58 66
58 73
58 79
58 85
59 17
59 22
59 23
59 30
59 31
59 48
59 51
59 52
59 58
59 59
59 60
59 61
59 63
59 64
59 66
59 67
59 69
59 73
59 74
59 75
59 76
59 79
59 84
59 85
60 0
60 2
60 6
60 10
60 12
60 13
60 18
60 20
60 21
60 23
60 24
60 25
60 27
60 30
60 31
60 39
60 44
60 45
60 46
60 47
60 49
60 52
60 58
60 59
60 60
60 61
60 62
60 63
60 66
60 85
60 87
60 96
61 7
61 11
61 13
61 22
61 23
61 25
61 27
61 30
61 31
61 58
61 59
61 60
61 61
61 62
61 63
61 65
61 84
61 85
61 87
61 96
61 100
62 0
62 1
62 5
62 16
62 17
62 22
62 23
62 24
62 25
62 26
62 27
62 28
62 29
62 52
62 56
62 60
62 61
62 62
62 63
62 64
62 65
62 72
62 80
62 81
62 83
62 88
63 0
63 1
63 5
63 16
63 17
63 22
63 23
63 24
63 25
63 26
63 27
63 29
63 31
63 32
63 56
63 57
63 59
63 60
63 61
63 62
63 63
63 64
63 72
63 80
63 81
63 84
63 86
63 87
63 88
64 1
64 2
64 3
64 4
64 6
64 7
64 8
64 14
64 16
64 22
64 23
64 24
64 25
64 27
64 46
64 49
64 51
64 52
64 53
64 55
64 59
64 62
64 63
64 64
64 65
64 72
64 80
64 81
64 84
64 88
64 98
64 99
64 101
64 102
65 3
65 5
65 7
65 9
65 11
65 13
65 16
65 18
65 25
65 27
65 28
65 32
65 35
65 40
65 53
65 56
65 57
65 61
65 62
65 64
65 65
65 67
65 72
65 74
65 78
65 80
65 81
65 91
65 92
65 98
65 99
65 101
66 11
66 17
66 23
66 30
66 31
66 48
66 58
66 59
66 60
66 66
66 67
66 69
66 84
66 85
67 0
67 1
67 5
67 10
67 12
67 13
67 16
67 17
67 18
67 25
67 28
67 29
67 34
67 35
67 44
67 45
67 53
67 56
67 57
67 59
67 65
67 66
67 67
67 69
67 72
67 74
67 78
67 80
67 98
67 99
68 0
68 1
68 6
68 7
68 18
68 19
68 56
68 57
68 68
68 69
69 19
69 29
69 57
69 59
69 66
69 67
69 68
69 69
70 30
70 31
70 70
70 71
70 73
70 74
70 75
70 76
70 77
71 70
71 71
71 73
71 75
71 76
71 77
71 79
71 94
71 108
72 3
72 5
72 7
72 16
72 17
72 23
72 25
72 26
72 27
72 28
72 29
72 32
72 33
72 36
72 40
72 41
72 50
72 62
72 63
72 64
72 65
72 67
72 72
72 73
72 74
72 75
72 76
72 78
72 80
72 81
72 86
72 87
72 88
72 89
72 92
73 5
73 17
73 29
73 37
73 41
73 58
73 59
73 70
73 71
73 72
73 73
73 74
73 75
73 76
73 77
73 79
73 81
73 104
74 5
74 16
74 28
74 29
74 36
74 41
74 59
74 65
74 67
74 70
74 72
74 73
74 74
74 75
74 76
74 78
74 80
74 81
74 89
75 41
75 59
75 70
75 71
75 72
75 73
75 74
75 75
75 76
75 77
76 4
76 5
76 8
76 9
76 15
76 16
76 17
76 23
76 24
76 26
76 28
76 29
76 36
76 37
76 41
76 59
76 70
76 71
76 72
76 73
76 74
76 75
76 76
76 77
76 78
76 79
76 80
76 81
76 98
77 4
77 17
77 29
77 35
77 37
77 39
77 41
77 47
77 70
77 71
77 73
77 75
77 76
77 77
77 79
77 94
77 95
77 104
77 110
77 115
78 16
78 17
78 26
78 28
78 29
78 35
78 36
78 37
78 40
78 50
78 65
78 67
78 72
78 74
78 76
78 78
78 80
78 81
78 88
78 89
78 95
78 97
78 99
78 108
78 109
78 111
78 112
79 16
79 17
79 29
79 37
79 41
79 58
79 59
79 71
79 73
79 76
79 77
79 79
79 80
79 81
79 90
79 91
79 93
80 1
80 2
80 3
80 4
80 5
80 7
80 9
80 16
80 17
80 19
80 22
80 23
80 24
80 25
80 26
80 27
80 28
80 29
80 32
80 33
80 36
80 40
80 41
80 56
80 57
80 62
80 63
80 64
80 65
80 67
80 72
80 74
80 76
80 78
80 79
80 80
80 81
80 83
80 88
80 89
80 92
81 1
81 2
81 3
81 4
81 5
81 6
81 7
81 9
81 16
81 17
81 22
81 23
81 24
81 25
81 26
81 27
81 28
81 29
81 32
81 33
81 36
81 37
81 40
81 41
81 50
81 56
81 57
81 62
81 63
81 64
81 65
81 72
81 73
81 74
81 76
81 78
81 79
81 80
81 81
81 83
81 86
81 88
81 89
81 92
82 14
82 15
82 18
82 22
82 26
82 27
82 38
82 40
82 42
82 43
82 45
82 46
82 48
82 51
82 82
82 83
82 84
82 86
82 87
82 88
82 89
82 99
82 111
83 14
83 15
83 19
83 21
83 28
83 29
83 31
83 40
83 41
83 42
83 43
83 46
83 47
83 48
83 50
83 51
83 62
83 80
83 81
83 82
83 83
83 95
83 96
83 97
83 99
83 108
83 110
83 111
84 14
84 22
84 23
84 27
84 59
84 61
84 63
84 64
84 66
84 82
84 84
84 85
84 86
84 87
84 88
85 3
85 23
85 27
85 58
85 59
85 60
85 61
85 66
85 84
85 85
85 87
86 5
86 22
86 23
86 25
86 26
86 27
86 32
86 33
86 38
86 54
86 63
86 72
86 81
86 82
86 84
86 86
86 87
86 88
86 89
87 5
87 12
87 15
87 23
87 25
87 26
87 27
87 32
87 38
87 39
87 54
87 55
87 60
87 61
87 63
87 72
87 82
87 84
87 85
87 86
87 87
87 88
87 89
88 3
88 5
88 11
88 14
88 15
88 16
88 17
88 22
88 23
88 25
88 26
88 27
88 28
88 29
88 32
88 33
88 38
88 54
88 62
88 63
88 64
88 72
88 78
88 80
88 81
88 82
88 84
88 86
88 87
88 88
88 89
88 98
88 99
88 103
89 3
89 5
89 15
89 17
89 26
89 27
89 28
89 29
89 32
89 33
89 38
89 39
89 54
89 55
89 72
89 74
89 78
89 80
89 81
89 82
89 86
89 87
89 88
89 89
90 21
90 24
90 29
90 30
90 31
90 52
90 79
90 90
90 91
90 92
90 93
90 98
90 100
90 102
91 3
91 7
91 21
91 29
91 65
91 79
91 90
91 91
91 92
91 93
91 99
91 101
91 103
92 3
92 7
92 11
92 23
92 28
92 32
92 49
92 56
92 65
92 72
92 80
92 81
92 90
92 91
92 92
92 93
92 100
92 102
92 113
93 21
93 29
93 33
93 79
93 90
93 91
93 92
93 93
93 100
93 101
93 102
93 103
93 113
94 35
94 71
94 77
94 94
94 95
94 96
94 97
94 99
94 108
94 109
94 111
94 112
94 113
94 114
94 115
95 14
95 35
95 37
95 55
95 77
95 78
95 83
95 94
95 95
95 96
95 97
95 99
95 108
95 109
95 110
95 111
95 112
95 113
95 114
95 115
96 3
96 6
96 7
96 36
96 37
96 38
96 39
96 42
96 43
96 46
96 47
96 55
96 60
96 61
96 83
96 94
96 95
96 96
96 97
96 98
96 99
96 108
96 109
96 110
96 111
96 112
97 6
97 14
97 35
97 37
97 39
97 55
97 78
97 83
97 94
97 95
97 96
97 97
97 98
97 99
97 108
97 109
97 110
97 111
97 112
97 113
97 114
97 115
98 2
98 3
98 4
98 5
98 6
98 7
98 14
98 16
98 21
98 22
98 23
98 26
98 27
98 31
98 42
98 46
98 47
98 51
98 52
98 53
98 55
98 64
98 65
98 67
98 76
98 88
98 90
98 96
98 97
98 98
98 99
98 111
98 112
99 2
99 3
99 4
99 6
99 7
99 8
99 14
99 15
99 16
99 23
99 26
99 35
99 46
99 53
99 55
99 56
99 64
99 65
99 67
99 78
99 82
99 83
99 88
99 91
99 94
99 95
99 96
99 97
99 98
99 99
99 108
99 109
99 110
99 111
99 112
99 113
99 114
99 115
100 22
100 26
100 27
100 61
100 90
100 92
100 93
100 100
100 101
100 102
100 103
100 113
101 3
101 5
101 25
101 26
101 27
101 64
101 65
101 91
101 93
101 100
101 101
101 102
101 103
101 105
102 22
102 26
102 27
102 64
102 90
102 92
102 93
102 100
102 101
102 102
102 103
102 104
102 105
102 106
102 107
103 3
103 7
103 88
103 91
103 93
103 100
103 101
103 102
103 103
103 104
103 105
103 106
103 107
103 113
103 114
103 115
104 6
104 7
104 73
104 77
104 102
104 103
104 104
104 105
104 106
104 107
104 113
104 114
104 115
105 6
105 7
105 101
105 102
105 103
105 104
105 105
105 106
105 107
105 113
105 114
105 115
106 102
106 103
106 104
106 105
106 106
106 107
106 110
106 114
106 115
107 102
107 103
107 104
107 105
107 106
107 107
107 109
107 114
107 115
108 35
108 37
108 71
108 78
108 83
108 94
108 95
108 96
108 97
108 99
108 108
108 109
108 110
108 111
108 112
108 113
108 114
108 115
109 35
109 37
109 39
109 78
109 94
109 95
109 96
109 97
109 99
109 107
109 108
109 109
109 110
109 111
109 112
109 113
110 14
110 15
110 37
110 39
110 43
110 46
110 47
110 77
110 83
110 95
110 96
110 97
110 99
110 106
110 108
110 109
110 110
110 111
111 6
111 7
111 14
111 15
111 35
111 37
111 46
111 78
111 82
111 83
111 94
111 95
111 96
111 97
111 98
111 99
111 108
111 109
111 110
111 111
111 112
111 113
112 78
112 94
112 95
112 96
112 97
112 98
112 99
112 108
112 109
112 111
112 112
112 113
112 114
112 115
113 6
113 38
113 43
113 92
113 93
113 94
113 95
113 97
113 99
113 100
113 103
113 104
113 105
113 108
113 109
113 111
113 112
113 113
113 114
113 115
114 6
114 35
114 94
114 95
114 97
114 99
114 103
114 104
114 105
114 106
114 107
114 108
114 112
114 113
114 114
114 115
115 7
115 35
115 47
115 77
115 94
115 95
115 97
115 99
115 103
115 104
115 105
115 106
115 107
115 108
115 112
115 113
115 114
115 115
